255, 255, 251
253, 254, 250
255, 255, 251
254, 255, 251
255, 255, 251
253, 254, 250
255, 255, 251
255, 253, 249
255, 255, 252
254, 253, 249
255, 255, 252
255, 255, 251
255, 254, 250
254, 255, 251
254, 255, 251
254, 255, 251
255, 255, 251
255, 254, 249
255, 251, 248
254, 245, 242
252, 239, 237
255, 255, 251
253, 254, 250
255, 255, 251
255, 255, 251
255, 255, 251
252, 255, 251
255, 253, 250
255, 255, 251
255, 255, 252
255, 255, 251
255, 255, 251
255, 255, 251
255, 255, 252
255, 255, 252
254, 251, 247
255, 254, 250
255, 255, 251
255, 254, 249
255, 253, 248
249, 244, 241
254, 247, 250
253, 250, 245
255, 249, 250
254, 248, 249
254, 247, 250
253, 248, 249
249, 248, 250
229, 224, 226
253, 246, 249
250, 243, 246
253, 248, 250
255, 251, 253
255, 252, 255
255, 248, 251
253, 246, 249
255, 247, 253
254, 247, 250
254, 249, 251
254, 251, 253
255, 251, 253
253, 246, 249
253, 246, 249
254, 249, 248
252, 250, 242
254, 247, 250
255, 249, 252
255, 249, 252
254, 247, 250
255, 249, 252
255, 249, 250
255, 248, 253
254, 245, 248
254, 247, 250
255, 249, 250
254, 247, 250
255, 249, 252
254, 249, 248
123, 119, 114
130, 126, 121
132, 128, 123
127, 123, 118
135, 131, 126
106, 106, 106
119, 119, 119
120, 120, 120
122, 122, 122
126, 121, 122
123, 117, 118
135, 129, 130
132, 126, 127
145, 135, 135
121, 116, 117
111, 106, 107
89, 88, 92
80, 79, 81
90, 85, 87
96, 91, 92
148, 138, 138
21, 26, 27
28, 33, 34
25, 30, 31
27, 32, 33
31, 35, 36
38, 42, 43
34, 38, 39
27, 31, 32
33, 38, 39
39, 44, 45
30, 35, 36
34, 39, 40
40, 44, 45
42, 46, 47
39, 44, 45
36, 40, 41
34, 38, 39
34, 38, 39
28, 32, 33
27, 31, 32
32, 36, 37
81, 78, 80
111, 106, 107
113, 108, 109
116, 111, 112
112, 107, 108
102, 102, 102
96, 98, 98
95, 94, 96
87, 89, 90
82, 84, 85
90, 92, 92
101, 101, 101
84, 83, 85
72, 74, 75
77, 79, 80
73, 75, 76
89, 85, 96
89, 86, 95
85, 81, 92
89, 85, 96
91, 87, 98
89, 85, 96
88, 84, 95
89, 85, 96
92, 87, 96
88, 85, 94
81, 77, 88
82, 78, 89
85, 83, 95
92, 87, 96
89, 85, 96
89, 85, 96
90, 86, 97
92, 94, 88
93, 97, 98
97, 96, 98
101, 98, 100
107, 104, 106
108, 105, 107
109, 106, 108
107, 104, 106
96, 92, 97
102, 94, 101
255, 254, 251
255, 255, 252
255, 254, 250
251, 236, 233
234, 219, 216
255, 245, 242
255, 252, 249
255, 255, 251
254, 255, 251
255, 255, 252
255, 255, 251
254, 249, 250
253, 247, 248
253, 247, 248
255, 251, 252
254, 249, 248
255, 250, 250
253, 247, 248
136, 129, 126
160, 155, 156
151, 146, 147
123, 123, 123
132, 132, 132
129, 124, 125
134, 134, 134
130, 128, 128
126, 121, 122
117, 117, 117
115, 112, 114
104, 103, 105
107, 106, 108
101, 96, 97
137, 128, 124
151, 143, 143
154, 146, 147
89, 85, 96
63, 62, 160
89, 85, 96
90, 87, 96
87, 83, 94
45, 43, 143
87, 83, 89
88, 87, 89
194, 191, 193
105, 100, 102
250, 239, 242
93, 84, 87
153, 146, 149
109, 107, 107
128, 126, 125
140, 138, 137
131, 130, 132
133, 130, 132
106, 104, 103
255, 255, 251
255, 255, 254
255, 254, 250
255, 255, 251
255, 255, 254
255, 255, 249
253, 255, 249
255, 255, 247
109, 106, 108
109, 106, 108
108, 105, 107
106, 103, 105
98, 95, 97
102, 98, 103
94, 92, 98
95, 93, 93
97, 95, 95
88, 84, 95
89, 85, 96
255, 251, 248
255, 255, 252
255, 253, 249
255, 255, 247
255, 249, 242
255, 255, 249
255, 254, 250
254, 251, 247
255, 252, 249
255, 255, 251
255, 255, 251
255, 255, 252
255, 249, 250
254, 246, 247
253, 248, 249
255, 249, 250
255, 250, 251
254, 246, 247
255, 250, 251
42, 47, 48
37, 42, 43
34, 39, 40
41, 46, 47
32, 37, 38
34, 39, 40
39, 44, 45
42, 47, 48
34, 38, 39
36, 40, 41
36, 40, 41
36, 40, 41
35, 39, 40
109, 107, 107
114, 112, 111
118, 116, 115
117, 115, 114
121, 116, 115
114, 110, 109
112, 108, 107
105, 103, 103
107, 104, 106
103, 100, 102
100, 97, 99
104, 104, 104
114, 114, 114
125, 125, 125
92, 91, 93
72, 110, 114
71, 106, 109
69, 110, 113
67, 110, 113
64, 111, 115
86, 131, 135
72, 117, 120
64, 112, 116
61, 109, 113
73, 111, 115
68, 106, 110
68, 109, 111
75, 115, 114
62, 100, 105
59, 89, 94
54, 102, 103
46, 100, 101
68, 110, 109
83, 123, 122
77, 113, 113
68, 109, 111
68, 109, 111
62, 106, 107
63, 109, 110
76, 123, 127
74, 122, 124
74, 122, 124
74, 122, 124
79, 120, 123
51, 66, 68
55, 68, 70
56, 69, 71
54, 67, 69
54, 67, 69
52, 65, 67
52, 65, 67
64, 77, 79
53, 68, 70
52, 67, 69
55, 70, 72
56, 75, 78
53, 72, 75
58, 76, 75
52, 72, 73
52, 72, 73
52, 72, 73
48, 67, 70
50, 71, 73
51, 72, 74
50, 70, 71
49, 69, 74
54, 67, 75
54, 67, 69
62, 74, 74
0, 103, 0
45, 140, 19
191, 255, 136
228, 255, 199
88, 179, 32
228, 255, 199
82, 134, 27
7, 96, 3
0, 108, 0
96, 212, 53
33, 140, 0
222, 255, 204
73, 197, 85
84, 196, 96
44, 84, 56
58, 78, 79
86, 191, 94
22, 96, 38
70, 209, 74
70, 83, 85
85, 199, 86
6, 119, 9
59, 215, 60
88, 194, 95
96, 184, 94
92, 194, 93
53, 73, 78
48, 67, 72
74, 107, 110
68, 115, 119
72, 119, 123
56, 94, 98
73, 110, 114
70, 107, 111
68, 115, 119
79, 119, 118
45, 76, 79
46, 100, 101
75, 115, 114
71, 107, 107
77, 115, 117
68, 109, 111
70, 118, 120
68, 115, 119
68, 116, 120
65, 108, 111
66, 111, 114
65, 103, 107
60, 76, 75
59, 72, 70
52, 63, 93
59, 75, 74
59, 75, 74
59, 75, 74
65, 79, 78
67, 81, 80
66, 82, 81
77, 93, 92
60, 78, 77
54, 72, 71
55, 73, 72
42, 62, 63
50, 70, 71
51, 76, 80
31, 69, 71
15, 49, 55
41, 63, 68
46, 61, 64
54, 67, 69
24, 51, 55
54, 67, 69
53, 66, 68
0, 102, 0
29, 143, 0
36, 140, 0
148, 255, 109
0, 90, 0
9, 123, 0
29, 143, 0
94, 195, 50
151, 255, 107
155, 244, 135
7, 67, 6
232, 255, 229
188, 255, 143
226, 255, 223
189, 255, 194
33, 129, 11
50, 149, 0
35, 126, 1
66, 107, 109
60, 103, 106
72, 110, 112
72, 110, 114
59, 99, 98
73, 113, 112
64, 114, 120
65, 115, 121
68, 117, 119
74, 115, 118
70, 109, 111
56, 70, 69
43, 57, 56
57, 71, 70
51, 65, 64
49, 63, 62
30, 68, 68
45, 69, 67
49, 71, 69
39, 57, 58
49, 72, 74
47, 69, 74
53, 71, 70
50, 66, 65
46, 65, 62
43, 61, 62
58, 74, 73
56, 70, 69
53, 67, 66
53, 67, 66
52, 71, 68
54, 74, 75
52, 71, 74
62, 101, 103
29, 60, 63
39, 72, 75
63, 111, 112
69, 118, 126
49, 63, 62
52, 66, 65
56, 70, 69
52, 70, 71
46, 73, 77
50, 70, 71
52, 72, 73
53, 73, 74
35, 126, 1
50, 149, 0
215, 255, 160
66, 82, 81
10, 14, 15
12, 16, 17
13, 17, 18
15, 19, 20
15, 19, 20
20, 25, 26
24, 29, 30
20, 25, 26
25, 30, 31
25, 30, 31
24, 29, 30
23, 28, 29
27, 32, 33
32, 37, 38
32, 37, 38
33, 41, 41
56, 77, 78
53, 74, 72
49, 69, 70
53, 69, 68
47, 61, 67
52, 70, 69
53, 71, 70
52, 70, 69
51, 69, 68
52, 72, 73
56, 70, 69
56, 70, 69
53, 67, 66
51, 63, 63
44, 62, 63
36, 61, 65
102, 144, 149
70, 115, 119
73, 115, 120
61, 109, 113
15, 45, 50
54, 66, 72
44, 62, 73
55, 71, 70
68, 103, 106
60, 79, 82
60, 75, 77
57, 73, 72
58, 72, 71
50, 64, 63
51, 67, 66
52, 65, 67
18, 101, 0
0, 95, 0
0, 95, 0
216, 255, 215
209, 255, 206
186, 255, 143
57, 71, 70
56, 71, 73
63, 75, 77
54, 75, 76
53, 73, 74
52, 70, 71
52, 72, 73
53, 63, 73
52, 67, 70
42, 70, 71
46, 65, 70
49, 69, 70
53, 67, 66
51, 65, 64
48, 64, 63
52, 66, 65
52, 66, 65
57, 71, 70
0, 110, 0
21, 129, 3
217, 255, 206
66, 110, 111
77, 115, 117
55, 69, 68
50, 66, 65
57, 71, 70
63, 77, 76
52, 64, 66
57, 71, 70
51, 69, 68
50, 64, 63
46, 61, 63
49, 65, 64
46, 59, 61
52, 66, 65
53, 71, 70
52, 73, 74
54, 72, 71
49, 69, 70
53, 73, 74
1, 81, 0
26, 115, 11
52, 170, 35
74, 103, 142
75, 105, 152
86, 119, 169
89, 122, 168
78, 114, 162
79, 112, 161
67, 93, 140
66, 95, 140
63, 96, 141
67, 95, 142
95, 126, 181
103, 134, 185
102, 132, 187
100, 130, 185
99, 132, 181
91, 123, 172
80, 115, 165
75, 106, 157
74, 105, 156
78, 111, 161
79, 111, 164
80, 114, 168
102, 128, 188
79, 110, 161
74, 107, 157
78, 111, 161
72, 105, 155
95, 136, 181
145, 187, 232
169, 211, 254
190, 222, 255
179, 215, 253
161, 195, 241
134, 171, 215
91, 126, 169
78, 104, 144
50, 79, 123
103, 146, 195
92, 134, 181
85, 127, 172
83, 120, 164
163, 201, 243
148, 185, 229
137, 179, 221
125, 165, 207
102, 138, 178
68, 112, 143
91, 131, 173
113, 150, 194
162, 199, 243
140, 183, 232
105, 149, 196
87, 133, 181
83, 129, 177
89, 133, 180
89, 122, 171
81, 116, 160
63, 96, 141
73, 102, 141
65, 98, 137
69, 102, 141
75, 111, 149
85, 112, 162
76, 113, 169
94, 129, 185
99, 130, 185
80, 115, 165
73, 103, 152
71, 105, 148
86, 119, 164
82, 110, 151
77, 106, 145
77, 110, 166
93, 127, 187
110, 144, 204
102, 133, 188
102, 132, 187
86, 119, 169
80, 113, 159
81, 112, 157
69, 98, 149
85, 116, 177
74, 108, 162
95, 125, 174
84, 112, 166
87, 117, 166
82, 110, 164
81, 110, 161
80, 113, 163
113, 160, 216
115, 155, 208
109, 149, 207
112, 151, 206
102, 139, 197
103, 138, 201
73, 116, 165
69, 104, 147
69, 102, 141
77, 112, 152
74, 109, 159
86, 114, 161
87, 123, 171
95, 130, 170
151, 189, 237
80, 113, 152
108, 141, 191
116, 154, 202
139, 180, 225
126, 165, 210
77, 108, 147
93, 129, 167
104, 139, 183
90, 128, 176
102, 141, 185
139, 180, 225
119, 154, 198
146, 185, 230
137, 179, 222
125, 163, 211
125, 163, 205
158, 198, 247
136, 178, 221
150, 189, 233
106, 151, 208
103, 148, 199
106, 151, 202
111, 152, 201
132, 178, 225
109, 151, 198
109, 152, 203
100, 142, 195
99, 140, 195
107, 151, 204
81, 113, 154
58, 83, 125
83, 115, 158
93, 125, 161
96, 128, 164
73, 105, 146
61, 88, 125
59, 83, 119
51, 77, 114
75, 106, 151
73, 100, 144
106, 151, 202
103, 150, 201
101, 146, 197
92, 139, 183
107, 155, 203
118, 167, 213
121, 170, 216
102, 157, 202
106, 153, 197
100, 152, 198
110, 164, 211
123, 172, 218
142, 188, 235
140, 182, 235
126, 170, 224
106, 150, 204
87, 131, 185
88, 127, 182
94, 132, 186
98, 142, 195
107, 150, 201
94, 138, 192
93, 132, 187
89, 130, 185
94, 135, 190
87, 131, 185
103, 147, 201
122, 166, 219
134, 179, 230
127, 171, 224
117, 161, 214
106, 150, 203
100, 144, 197
76, 119, 162
108, 151, 202
106, 151, 202
107, 151, 204
128, 172, 226
126, 170, 223
148, 191, 240
55, 87, 130
92, 124, 173
92, 124, 173
171, 195, 249
111, 139, 193
71, 100, 151
189, 203, 255
77, 107, 148
60, 112, 165
82, 136, 197
52, 110, 159
70, 117, 173
96, 142, 200
92, 136, 195
81, 123, 176
75, 113, 167
70, 106, 160
116, 136, 193
163, 189, 249
130, 155, 211
89, 113, 167
19, 68, 40
12, 72, 42
0, 45, 17
23, 79, 50
88, 124, 102
26, 70, 41
17, 73, 50
5, 44, 22
7, 45, 17
38, 115, 78
40, 84, 61
33, 35, 35
3, 5, 5
0, 1, 2
27, 26, 28
54, 54, 54
26, 25, 27
23, 25, 26
37, 39, 40
43, 45, 45
34, 36, 36
31, 36, 34
33, 37, 38
151, 151, 151
134, 140, 145
103, 112, 116
145, 139, 144
153, 154, 152
155, 187, 216
50, 66, 82
128, 158, 175
145, 175, 192
149, 183, 199
146, 182, 198
157, 190, 206
163, 196, 212
163, 196, 212
156, 191, 211
154, 187, 207
143, 179, 195
146, 182, 198
133, 163, 180
131, 161, 178
133, 163, 180
134, 162, 179
125, 159, 175
120, 155, 169
110, 141, 162
126, 158, 177
141, 168, 188
139, 169, 188
97, 131, 147
94, 124, 165
99, 136, 186
92, 132, 181
77, 114, 170
76, 109, 159
81, 114, 164
79, 113, 166
82, 120, 178
83, 121, 179
86, 122, 182
126, 170, 217
119, 163, 210
120, 159, 204
117, 159, 204
111, 152, 197
98, 138, 186
86, 130, 177
129, 170, 219
134, 178, 231
102, 134, 193
76, 113, 169
91, 125, 184
104, 141, 201
89, 127, 185
86, 118, 177
123, 160, 216
106, 144, 202
94, 132, 190
89, 128, 180
89, 128, 180
80, 115, 171
88, 119, 174
93, 127, 180
89, 129, 178
83, 120, 170
82, 116, 170
69, 110, 173
69, 110, 172
89, 133, 187
115, 159, 218
128, 168, 226
126, 168, 215
145, 183, 231
144, 186, 229
152, 191, 236
158, 197, 242
177, 196, 247
166, 196, 251
157, 194, 250
123, 161, 219
174, 206, 249
151, 189, 237
151, 189, 237
153, 189, 235
152, 191, 236
150, 191, 236
133, 175, 222
145, 183, 231
156, 192, 238
168, 204, 242
171, 205, 241
166, 200, 243
173, 203, 238
160, 189, 228
118, 122, 150
146, 181, 225
150, 186, 232
51, 65, 94
56, 85, 122
82, 124, 169
126, 175, 225
118, 168, 221
78, 118, 166
67, 105, 153
70, 105, 155
88, 121, 177
94, 132, 190
102, 148, 202
77, 114, 170
74, 107, 163
72, 104, 163
70, 106, 154
76, 108, 157
83, 122, 167
76, 116, 168
131, 153, 194
133, 149, 186
108, 124, 153
129, 151, 193
117, 145, 199
164, 178, 226
92, 119, 163
90, 117, 161
94, 131, 183
94, 121, 177
135, 174, 219
178, 212, 255
179, 211, 254
175, 208, 253
162, 195, 228
170, 195, 227
160, 189, 233
102, 124, 165
110, 135, 167
80, 76, 81
79, 75, 80
85, 81, 92
88, 84, 95
90, 85, 94
88, 84, 95
88, 84, 95
90, 86, 97
75, 71, 77
70, 66, 72
89, 86, 95
90, 86, 97
91, 88, 97
79, 76, 85
76, 73, 82
77, 73, 78
74, 72, 78
73, 71, 77
76, 73, 82
89, 85, 97
87, 83, 94
88, 84, 95
91, 85, 96
89, 85, 96
78, 74, 80
80, 76, 82
79, 75, 81
79, 75, 80
80, 76, 82
89, 85, 91
79, 75, 81
76, 75, 85
79, 78, 82
79, 78, 82
82, 80, 86
76, 73, 82
76, 73, 82
77, 76, 86
73, 76, 81
68, 67, 101
46, 46, 140
80, 75, 77
79, 75, 81
80, 77, 86
91, 88, 97
89, 85, 96
53, 75, 80
56, 75, 82
54, 74, 79
62, 81, 84
64, 89, 91
64, 100, 106
61, 95, 101
71, 106, 109
69, 110, 113
34, 59, 63
87, 125, 127
78, 126, 128
66, 113, 117
87, 125, 127
82, 122, 121
65, 114, 112
79, 111, 116
51, 92, 95
54, 102, 103
55, 108, 111
62, 106, 107
75, 115, 114
98, 127, 131
84, 123, 125
34, 79, 83
73, 116, 119
73, 116, 119
96, 139, 142
96, 139, 142
67, 110, 113
73, 111, 115
77, 109, 114
65, 86, 88
57, 77, 78
57, 76, 79
56, 74, 73
55, 73, 72
54, 74, 75
50, 70, 71
40, 66, 72
41, 67, 73
37, 64, 68
53, 66, 68
52, 65, 67
56, 69, 71
65, 78, 80
57, 75, 74
56, 70, 68
53, 66, 68
56, 70, 69
51, 64, 66
57, 71, 69
55, 70, 72
55, 70, 72
45, 58, 60