36, 91, 190
36, 93, 192
36, 95, 195
52, 125, 229
58, 135, 245
60, 135, 243
44, 119, 221
31, 61, 144
32, 68, 156
37, 109, 217
43, 108, 213
75, 157, 255
64, 151, 245
74, 158, 254
48, 111, 192
129, 246, 253
126, 252, 253
96, 253, 255
90, 241, 255
122, 248, 252
99, 249, 255
83, 209, 250
72, 174, 255
71, 172, 251
68, 170, 252
71, 172, 251
66, 162, 252
79, 197, 249
85, 207, 247
84, 199, 255
66, 162, 252
82, 203, 252
76, 177, 252
70, 160, 254
71, 170, 254
74, 167, 254
72, 167, 254
71, 158, 252
68, 146, 252
54, 121, 238
55, 131, 244
63, 154, 252
68, 165, 255
67, 163, 253
48, 129, 240
35, 156, 252
46, 149, 252
50, 177, 255
41, 164, 250
22, 166, 248
20, 148, 251
27, 127, 251
18, 102, 244
25, 129, 248
24, 122, 252
28, 107, 250
33, 117, 247
47, 116, 243
34, 141, 252
43, 153, 255
21, 148, 240
37, 138, 247
52, 125, 239
32, 148, 243
43, 140, 254
68, 109, 231
24, 49, 175
23, 71, 197
21, 88, 213
13, 105, 224
18, 134, 229
36, 173, 249
21, 153, 254
26, 96, 243
32, 87, 244
34, 108, 250
29, 108, 248
47, 122, 250
50, 136, 255
27, 122, 239
34, 121, 249
38, 108, 239
47, 159, 255
38, 165, 250
49, 143, 250
34, 162, 255
30, 140, 246
56, 127, 255
44, 112, 243
45, 122, 245
65, 129, 247
39, 88, 204
69, 128, 254
75, 138, 253
22, 86, 210
45, 117, 248
52, 102, 222
63, 116, 236
79, 124, 239
53, 123, 254
43, 90, 211
67, 124, 253
43, 101, 231
33, 77, 214
45, 99, 230
59, 122, 242
34, 141, 239
59, 124, 252
68, 122, 253
25, 70, 198
27, 119, 248
130, 164, 210
144, 177, 222
97, 133, 179
36, 67, 122
100, 132, 185
70, 101, 152
62, 91, 130
73, 154, 253
61, 133, 245
72, 123, 233
79, 139, 252
40, 117, 250
51, 129, 252
46, 131, 253
52, 169, 250
51, 203, 244
59, 185, 244
29, 141, 223
35, 170, 244
44, 113, 246
37, 117, 248
46, 111, 250
54, 241, 249
50, 229, 250
38, 163, 248
42, 133, 248
37, 116, 249
37, 113, 249
44, 135, 243
47, 137, 248
51, 140, 251
55, 133, 246
37, 135, 245
30, 105, 245
28, 94, 249
29, 96, 248
22, 94, 235
37, 133, 247
49, 147, 247
44, 153, 251
17, 96, 239
23, 93, 224
29, 110, 245
38, 103, 242
11, 45, 159
46, 97, 237
25, 89, 231
25, 118, 235
46, 129, 255
30, 102, 244
36, 101, 246
38, 114, 250
33, 102, 235
43, 116, 254
39, 103, 255
39, 105, 254
37, 109, 250
46, 121, 251
44, 126, 251
47, 136, 250
43, 126, 248
48, 127, 254
49, 130, 251
47, 120, 254
44, 118, 254
47, 109, 251
37, 86, 226
42, 86, 223
39, 85, 223
41, 90, 220
51, 135, 254
26, 97, 238
44, 124, 249
49, 130, 251
18, 69, 219
35, 85, 237
34, 89, 240
37, 87, 229
0, 42, 188
41, 93, 240
21, 80, 230
7, 68, 224
40, 101, 245
20, 75, 234
35, 82, 234
33, 87, 241
39, 102, 247
24, 87, 239
16, 81, 239
36, 96, 242
40, 91, 238
36, 82, 243
33, 90, 243
31, 91, 237
26, 74, 216
25, 77, 224
40, 87, 239
20, 69, 221
18, 69, 219
31, 85, 232
39, 99, 245
42, 100, 243
23, 61, 203
25, 77, 224
83, 219, 255
89, 227, 255
65, 203, 245
55, 184, 241
68, 194, 249
63, 190, 245
60, 174, 251
51, 193, 228
50, 190, 219
69, 170, 255
29, 135, 206
61, 174, 237
99, 156, 235
103, 157, 240
97, 150, 230
96, 146, 218
97, 137, 233
94, 130, 238
93, 135, 232
94, 134, 230
95, 128, 225
68, 98, 187
64, 91, 182
85, 110, 214
58, 131, 253
47, 100, 250
46, 104, 247
62, 119, 252
70, 132, 255
50, 124, 250
49, 107, 250
40, 94, 231
53, 105, 249
46, 75, 214
45, 89, 232
60, 93, 233
56, 107, 247
36, 71, 215
45, 71, 207
46, 69, 201
70, 108, 250
51, 83, 212
33, 59, 197
57, 89, 226
37, 94, 240
54, 110, 253
57, 115, 251
63, 123, 253
50, 124, 250
41, 131, 242
46, 103, 254
51, 118, 251
47, 107, 251
45, 100, 245
34, 87, 232
29, 78, 224
25, 68, 219
44, 96, 240
57, 101, 248
55, 101, 255
47, 131, 250
54, 137, 253
78, 150, 255
67, 146, 255
67, 123, 255
49, 105, 246
35, 82, 228
57, 130, 252
56, 138, 247
69, 127, 252
31, 75, 218
43, 95, 231
27, 73, 221
32, 79, 225
51, 103, 250
57, 96, 235
50, 80, 221
36, 78, 221
49, 90, 236
46, 86, 235
46, 101, 240
65, 135, 242
61, 123, 253
58, 105, 251
36, 76, 218
44, 98, 245
48, 101, 245
59, 117, 246
48, 139, 238
41, 128, 244
50, 124, 250
60, 123, 251
71, 129, 255
60, 124, 248
50, 110, 253
47, 105, 248
47, 105, 248
45, 112, 245
54, 111, 250
46, 103, 254
44, 102, 251
36, 91, 236
44, 100, 243
46, 107, 251
59, 89, 232
61, 113, 250
34, 96, 226
54, 99, 250
45, 96, 236
42, 93, 243
29, 59, 200
39, 72, 212
21, 62, 195
34, 96, 234
57, 116, 242
42, 118, 254
26, 105, 238
40, 163, 255
3, 74, 231
62, 133, 255
26, 91, 255
14, 78, 243
44, 130, 255
45, 89, 244
3, 74, 231
51, 173, 243
50, 194, 249
85, 216, 255
59, 173, 213
53, 201, 248
110, 237, 255
33, 208, 241
52, 184, 207
36, 134, 252
41, 136, 240
32, 207, 247
106, 241, 255
82, 225, 240
13, 109, 226
9, 99, 223
39, 104, 249
23, 115, 234
15, 118, 241
0, 87, 222
25, 123, 247
91, 142, 236
58, 144, 240
63, 171, 242
53, 118, 255
39, 101, 243
78, 123, 255
48, 146, 253
67, 118, 245
48, 109, 235
53, 105, 225
21, 70, 210
0, 75, 235
1, 96, 246
0, 129, 252
2, 154, 255
2, 123, 255
0, 112, 249
2, 133, 254
5, 119, 255
1, 97, 251
2, 111, 255
0, 83, 242
4, 84, 245
3, 145, 255
3, 114, 252
3, 133, 255
7, 151, 255
4, 91, 247
0, 122, 254
6, 142, 254
2, 133, 254
0, 151, 252
0, 159, 253
1, 169, 252
5, 194, 255
1, 185, 255
4, 142, 254
0, 116, 253
2, 132, 253
4, 141, 255
1, 131, 254
0, 111, 251
0, 121, 251
3, 134, 255
4, 187, 255
1, 157, 254
3, 180, 255
6, 188, 254
7, 186, 255
1, 159, 253
2, 159, 255
4, 170, 253
4, 142, 254
2, 159, 255
0, 128, 253
2, 121, 254
0, 121, 254
0, 141, 252
0, 150, 251
2, 144, 255
0, 125, 253
1, 130, 255
0, 131, 253
0, 146, 252
13, 207, 255
0, 150, 254
0, 145, 251
5, 100, 255
0, 126, 254
3, 140, 250
0, 110, 252
1, 117, 254
0, 98, 252
2, 133, 254
0, 110, 252
0, 122, 252
2, 160, 254
9, 182, 254
0, 105, 253
2, 133, 254
4, 99, 255
2, 137, 253
4, 130, 254
1, 130, 255
0, 135, 251
3, 137, 255
0, 123, 253
3, 141, 254
4, 130, 255
4, 106, 255
3, 119, 255
5, 133, 252
16, 206, 241
41, 232, 252
19, 237, 255
2, 158, 255
2, 181, 255
0, 161, 254
0, 117, 252
0, 112, 252
0, 147, 253
1, 131, 254
1, 145, 255
2, 154, 255
2, 136, 254
0, 99, 243
1, 104, 243
3, 147, 253
4, 168, 255
3, 186, 255
6, 165, 255
1, 68, 220
0, 78, 229
0, 124, 255
3, 146, 251
0, 134, 250
2, 126, 255
2, 104, 253
3, 177, 254
1, 167, 255
1, 149, 255
2, 139, 255
0, 80, 239
0, 80, 239
2, 72, 226
1, 52, 202
2, 53, 203
5, 78, 229
7, 84, 234
2, 81, 232
1, 77, 229
0, 92, 241
7, 98, 249
0, 81, 233
0, 135, 251
0, 140, 255
1, 164, 255
1, 91, 246
0, 90, 238
4, 100, 254
7, 84, 240
1, 118, 253
1, 134, 255
5, 146, 255
5, 131, 255
0, 116, 253
2, 106, 253
0, 111, 251
1, 129, 254
2, 161, 255
0, 148, 254
2, 132, 251
3, 134, 255
4, 145, 255
5, 143, 255
2, 136, 254
2, 144, 255
0, 132, 250
0, 123, 253
0, 163, 252
37, 82, 173
51, 123, 234
45, 90, 187
32, 77, 174
42, 110, 215
46, 121, 231
56, 134, 241
69, 152, 251
80, 165, 255
35, 87, 181
41, 105, 193
64, 125, 218
49, 117, 224
38, 96, 192
45, 105, 195
41, 86, 183
42, 120, 227
40, 111, 209
47, 125, 231
60, 135, 243
58, 130, 218
105, 191, 245
119, 220, 255
112, 215, 254
128, 233, 255
33, 68, 134
40, 94, 177
42, 108, 197
84, 157, 249
109, 191, 255
99, 189, 248
44, 106, 212
38, 82, 173
38, 83, 174
47, 114, 206
33, 99, 204
40, 99, 202
48, 111, 209
56, 128, 236
44, 119, 227
44, 119, 227
40, 98, 194
51, 110, 209
42, 93, 185
29, 80, 172
45, 107, 209
58, 115, 206
46, 95, 187
30, 74, 169
40, 86, 181
41, 88, 180
40, 92, 182
41, 108, 201
35, 110, 210
66, 144, 244
60, 140, 241
55, 133, 240
50, 118, 219
56, 131, 234
57, 131, 225
70, 142, 243
46, 116, 209
94, 165, 253
89, 149, 225
80, 159, 255
48, 122, 210
95, 189, 254
83, 178, 248
114, 221, 255
81, 181, 235
116, 217, 255
112, 212, 254
122, 226, 255
182, 244, 255
209, 246, 250
175, 247, 254
178, 247, 250
116, 209, 248
143, 237, 255
160, 234, 255
165, 239, 255
90, 171, 228
94, 164, 247
124, 200, 236
161, 236, 250
168, 246, 255
103, 182, 233
101, 180, 253
79, 154, 230
44, 95, 192
72, 158, 224
168, 246, 255
112, 185, 243
105, 188, 249
49, 107, 179
132, 204, 252
105, 190, 235
78, 151, 233
99, 182, 238
128, 246, 255
105, 246, 255
112, 234, 255
110, 225, 255
110, 225, 255
106, 250, 251
126, 247, 255
131, 247, 255
254, 254, 254
238, 254, 253
244, 255, 252
255, 255, 255
242, 255, 253
240, 253, 255
229, 255, 255
108, 254, 252
117, 253, 252
119, 253, 253
177, 254, 251
181, 249, 248
170, 253, 255
109, 253, 254
115, 252, 254
128, 252, 252
189, 254, 255
133, 247, 254
146, 249, 252
191, 255, 255
108, 250, 255
111, 252, 249
125, 251, 252
131, 249, 250
141, 251, 249
225, 252, 255
222, 255, 255
112, 250, 255
104, 245, 254
107, 252, 254
95, 235, 252
112, 254, 255
123, 250, 249
115, 253, 252
120, 254, 254
123, 252, 249
111, 252, 249
102, 254, 255
123, 253, 252
249, 255, 254
208, 254, 255
177, 254, 251
125, 254, 251
152, 252, 254
195, 254, 250
105, 251, 251
100, 252, 253
112, 252, 253
143, 252, 250
235, 251, 250
251, 253, 253
250, 255, 254
231, 255, 253
244, 252, 252
208, 252, 251
234, 254, 255
253, 251, 255
255, 255, 255
255, 255, 255
254, 254, 254
125, 250, 254
119, 252, 255
109, 250, 253
142, 246, 251
105, 253, 253
107, 253, 253
181, 254, 252
242, 255, 253
219, 255, 255
123, 247, 253
99, 252, 253
97, 248, 252
112, 250, 249
125, 252, 253
93, 221, 255
75, 187, 233
87, 202, 247
106, 249, 252
97, 229, 255
93, 221, 255
86, 216, 253
89, 224, 252
93, 227, 255
79, 203, 243
92, 223, 255
91, 221, 255
88, 217, 255
64, 196, 243
87, 221, 251
109, 243, 255
96, 230, 248
95, 227, 250
100, 236, 254
100, 236, 254
163, 252, 255
97, 236, 252
109, 255, 253
104, 254, 254
113, 255, 254
108, 253, 251
109, 249, 255
125, 251, 252
113, 253, 254
104, 251, 253
117, 252, 254
114, 250, 255
105, 252, 254
107, 251, 255
108, 253, 255
106, 249, 255
99, 246, 255
107, 253, 253
107, 251, 252
104, 253, 249
173, 255, 255
165, 251, 251
163, 250, 252
158, 249, 254
145, 247, 252
148, 248, 248
138, 251, 248
222, 255, 255
197, 254, 255
149, 252, 247
164, 239, 255
184, 255, 255
175, 247, 255
143, 230, 255
111, 211, 246
71, 182, 238
120, 233, 249
170, 253, 255
153, 234, 255
164, 239, 255
162, 233, 255
128, 222, 255
183, 255, 255
139, 244, 255
147, 245, 255
60, 165, 232
76, 185, 247
92, 197, 255
81, 207, 241
98, 225, 255
68, 197, 236
92, 222, 251
101, 235, 255
84, 215, 248
105, 236, 255
73, 193, 252
82, 195, 252
79, 198, 247
116, 242, 253
71, 180, 242
76, 184, 242
74, 174, 252
74, 176, 248
76, 183, 251
78, 188, 254
89, 231, 254
86, 226, 249
78, 215, 247
85, 231, 249
90, 230, 253
88, 231, 252
83, 236, 251
88, 236, 248
98, 243, 251
108, 252, 253
88, 244, 244
100, 246, 251
59, 147, 248
63, 154, 252
60, 145, 254
66, 160, 255
64, 160, 254
62, 155, 254
58, 138, 253
61, 141, 254
60, 142, 253
57, 139, 251
59, 139, 254
61, 144, 253
61, 148, 252
63, 154, 252
64, 156, 251
86, 196, 254
75, 182, 250
85, 199, 252
84, 229, 250
74, 190, 253
56, 81, 197
51, 75, 197
49, 79, 204
50, 84, 204
39, 72, 195
44, 122, 245
43, 112, 253
34, 119, 251
30, 168, 245
39, 167, 255
44, 162, 255
33, 150, 249
39, 149, 251
60, 142, 243
62, 139, 236
44, 175, 254
51, 162, 254
35, 146, 246
24, 144, 239
23, 150, 242
43, 165, 255
53, 129, 225
56, 165, 250
46, 164, 245
49, 152, 238
57, 120, 224
38, 169, 248
44, 167, 255
38, 121, 242
25, 132, 237
35, 173, 249
43, 199, 255
25, 148, 238
29, 162, 243
29, 162, 243
27, 167, 250
22, 166, 248
35, 186, 247
31, 181, 241
59, 202, 240
58, 206, 250
45, 212, 255
45, 212, 255
110, 229, 254
92, 231, 250
56, 98, 127
70, 157, 184
97, 229, 246
67, 212, 238
52, 208, 244
54, 207, 246
54, 207, 244
83, 240, 255
104, 247, 254
73, 224, 239
104, 246, 253
80, 235, 250
84, 252, 246
40, 204, 247
75, 233, 247
65, 223, 253
11, 144, 235
37, 168, 242
42, 194, 253
58, 223, 255
64, 239, 249
89, 249, 251
96, 244, 255
53, 222, 249
32, 191, 247
54, 215, 253
41, 213, 235
46, 187, 250
40, 184, 232
63, 207, 249
144, 217, 255
34, 159, 204
57, 189, 253
65, 149, 225
44, 154, 244
42, 185, 223
55, 191, 255
39, 167, 244
35, 160, 244
46, 150, 227
54, 152, 240
39, 171, 241
44, 180, 232
70, 211, 248
19, 160, 223
73, 234, 254
95, 246, 253
68, 231, 246
51, 212, 232
66, 211, 232
47, 194, 244
46, 200, 251
57, 231, 253
43, 163, 239
30, 63, 149
53, 74, 179
26, 68, 197
29, 71, 190
25, 65, 184
24, 63, 185
41, 98, 227
34, 108, 234
46, 106, 229
64, 119, 234
42, 144, 250
31, 136, 247
35, 137, 250
27, 123, 253
31, 114, 253
30, 133, 250
30, 137, 252
25, 129, 250
26, 127, 249
28, 126, 244
38, 136, 248
33, 144, 244
52, 112, 226
52, 112, 226
54, 130, 255
32, 134, 246
36, 113, 239
33, 120, 246
50, 124, 230
39, 124, 246
55, 136, 251
58, 156, 255
61, 143, 252
33, 83, 213
56, 200, 255
28, 129, 251
32, 152, 248
58, 143, 253
64, 135, 249
54, 121, 238
68, 153, 255
55, 180, 255
58, 181, 255
52, 192, 251
33, 165, 248
15, 129, 236
55, 223, 247
59, 233, 250
60, 214, 249
38, 169, 232
35, 167, 251
37, 151, 251
49, 150, 252
52, 144, 249
57, 175, 255
45, 117, 248
52, 112, 236
38, 117, 244
51, 128, 251
64, 125, 243
65, 125, 245
64, 125, 243
20, 80, 200
39, 93, 210
14, 52, 164
69, 118, 250
45, 91, 216
41, 89, 207
64, 125, 243
42, 121, 248
52, 127, 255
48, 74, 182
52, 105, 222
59, 65, 194
34, 60, 178
28, 60, 173
48, 84, 191
55, 84, 188
46, 122, 252
56, 129, 251
13, 58, 173
56, 110, 227
63, 152, 255
45, 181, 253
60, 196, 255
25, 87, 195
48, 153, 250
45, 181, 253
48, 179, 255
46, 162, 251
65, 171, 255
65, 171, 255
27, 147, 237
63, 168, 235
67, 171, 248
38, 150, 246
42, 153, 253
42, 153, 253
62, 160, 248
51, 165, 255
62, 171, 255
86, 175, 249
60, 186, 245
48, 175, 243
60, 172, 248
70, 171, 240
82, 178, 254
64, 184, 249
55, 190, 255
45, 181, 253
30, 125, 252
31, 104, 242
34, 77, 228
31, 77, 232
43, 94, 251
46, 99, 249
41, 94, 244
26, 79, 229
8, 59, 206
24, 69, 210
36, 89, 223
27, 122, 249
27, 122, 249
21, 139, 245
45, 145, 255
44, 144, 255
44, 144, 255
33, 141, 252
33, 141, 252
41, 121, 244
48, 115, 240
49, 109, 239
49, 109, 239
58, 101, 228
61, 118, 217
41, 139, 247
41, 139, 247
46, 178, 255
44, 212, 246
37, 170, 238
43, 200, 250
62, 210, 255
57, 222, 255
33, 178, 240
39, 167, 244
39, 167, 244
61, 216, 255
57, 222, 255
45, 194, 251
39, 167, 249
39, 167, 249
46, 181, 255
42, 193, 250
55, 217, 255
55, 217, 255
53, 219, 255
51, 208, 248
44, 180, 244
44, 180, 244
29, 156, 235
28, 160, 237
28, 160, 237
32, 196, 238
48, 193, 245
54, 205, 249
50, 193, 250
46, 180, 250
56, 217, 255
35, 199, 241
40, 200, 248
44, 183, 255
12, 139, 224
23, 156, 230
39, 193, 244
22, 148, 237
31, 162, 243
34, 164, 255
39, 168, 255
18, 150, 233
28, 155, 240
25, 154, 239
20, 152, 236
53, 201, 247
35, 177, 242
26, 151, 243
26, 144, 245
29, 151, 251
35, 158, 255
33, 168, 252
33, 169, 251
19, 145, 239
27, 150, 248
57, 182, 255
59, 206, 255
41, 197, 243
47, 204, 244
57, 203, 239
56, 202, 237
69, 217, 255
21, 158, 238
21, 158, 238
46, 169, 255
43, 165, 255
21, 71, 213
26, 122, 239
22, 67, 212
56, 159, 255
39, 83, 228
45, 79, 226
34, 76, 219
34, 116, 235
29, 140, 250
24, 152, 241
42, 179, 225
69, 219, 255
91, 227, 255
63, 199, 251
43, 176, 236
65, 191, 255
50, 169, 248
7, 112, 223
14, 110, 234
15, 130, 245
0, 66, 165
38, 115, 218
65, 189, 255
69, 192, 255
50, 179, 248
24, 87, 221
26, 122, 240
28, 143, 253
21, 148, 246
42, 196, 239
69, 219, 255
37, 159, 249
35, 161, 250
27, 162, 243
36, 171, 253
43, 172, 255
44, 179, 255
83, 223, 255
86, 219, 255
63, 199, 251
38, 172, 244
59, 179, 245
83, 194, 255
71, 184, 217
86, 163, 219
118, 222, 255
122, 239, 255
91, 203, 249
79, 189, 247
49, 160, 228
46, 160, 230
77, 199, 255
65, 200, 250
41, 161, 250
52, 165, 252
48, 136, 242
31, 123, 224
54, 149, 253
80, 155, 253
77, 158, 249
0, 73, 194
13, 93, 216
122, 203, 254
130, 204, 252
120, 199, 248
129, 209, 255
124, 184, 243
127, 204, 253
84, 191, 249
90, 196, 250
110, 179, 255
107, 183, 255
91, 193, 252
87, 195, 249
108, 188, 241
119, 196, 245
132, 206, 254
103, 203, 255
70, 154, 236
84, 191, 249
82, 174, 227
111, 201, 255
102, 185, 237
78, 138, 190
120, 186, 234
138, 202, 250
91, 171, 224
146, 212, 255
113, 162, 212
90, 153, 213
107, 196, 253
111, 201, 255
82, 127, 170
67, 126, 182
114, 195, 252
97, 168, 235
104, 165, 227
56, 184, 255
22, 107, 207
35, 131, 244
26, 90, 222
27, 77, 219
38, 105, 244
25, 67, 204
37, 125, 233
37, 127, 238
51, 111, 254
21, 63, 199
49, 118, 239
49, 123, 255
26, 76, 218
22, 97, 237
30, 76, 231
27, 68, 201
37, 86, 216
56, 115, 241
33, 117, 243
43, 130, 255
27, 83, 218
16, 62, 200
16, 47, 162
32, 73, 226
44, 124, 249
41, 144, 231
64, 175, 245
51, 186, 254
45, 176, 255
33, 157, 241
71, 176, 255
49, 161, 255
58, 163, 237
64, 172, 244
43, 165, 241
41, 133, 244
27, 113, 235
53, 177, 255
42, 178, 242
43, 185, 250
66, 216, 252
53, 194, 231
91, 226, 255
56, 186, 246
142, 210, 253
151, 215, 255
156, 232, 250
155, 236, 255
151, 234, 255
147, 229, 254